1,15
32771,26
32773,26
32777,26
32785,26
32801,26
32833,26
32897,26
33025,26
33281,26
33793,26
34817,26
36865,26
40961,26
49153,26
98305,26
163841,26
294913,26
557057,26
1081345,26
2129921,26
4227073,26
8421377,26
16809985,26
33587201,26
67141633,12
134250497,26
268468225,26
536903681,26
1073774593,26
2147516417,26
4295000065,26
8589967361,26
17179901953,26
34359771137,26
68719509505,26
137438986241,12
274877939713,26
549755846657,26
1099511660545,26
2199023288321,26
4398046543873,26
8796093054977,26
17592186077185,26
35184372121601,26
70368744210433,26
140737488388097,26
281474976743425,12
562949953454081,26
1125899906875393,26
2251799813718017,26
4503599627403265,26
9007199254773761,26
18014398509514753,26
36028797018996737,26
72057594037960705,26
144115188075888641,26
288230376151744513,26
576460752303456257,26
1152921504606879745,26
2305843009213726721,26
4611686018427420673,26
9223372036854808577,26
2,21
2097155,25
2097158,25
2097162,25
2097170,25
2097186,25
2097218,25
2097282,25
2097410,25
2097666,25
2098178,25
2099202,25
2101250,25
2105346,25
2113538,25
2129922,26
2162690,25
2228226,38
2359298,25
2621442,25
3145730,25
6291458,25
10485762,25
18874370,25
35651586,38
69206018,25
136314882,25
270532610,25
538968066,38
1075838978,25
2149580802,25
4297064450,25
8592031746,25
17181966338,25
34361835522,25
68721573890,25
137441050626,25
274880004098,25
549757911042,25
1099513724930,25
2199025352706,25
4398048608258,25
8796095119362,25
17592188141570,25
35184374185986,25
70368746274818,25
140737490452482,25
281474978807810,25
562949955518466,25
1125899908939778,25
2251799815782402,25
4503599629467650,25
9007199256838146,25
18014398511579138,25
36028797021061122,25
72057594040025090,25
144115188077953026,25
288230376153808898,25
576460752305520642,25
1152921504608944130,25
2305843009215791106,25
4611686018429485058,25
9223372036856872962,25
4,12
4101,25
4102,25
4108,25
4116,25
4132,25
4164,25
4228,25
4356,25
4612,25
5124,25
6148,25
12292,25
20484,25
36868,48
69636,25
135172,25
266244,25
528388,25
1052676,25
2101252,25
4198404,25
8392708,25
16781316,25
33558532,48
67112964,25
134221828,25
268439556,25
536875012,25
1073745924,25
2147487748,25
4294971396,25
8589938692,25
17179873284,25
34359742468,25
68719480836,25
137438957572,25
274877911044,48
549755817988,25
1099511631876,25
2199023259652,25
4398046515204,25
8796093026308,25
17592186048516,25
35184372092932,25
70368744181764,25
140737488359428,25
281474976714756,25
562949953425412,25
1125899906846724,25
2251799813689348,48
4503599627374596,25
9007199254745092,25
18014398509486084,25
36028797018968068,25
72057594037932036,25
144115188075859972,25
288230376151715844,25
576460752303427588,25
1152921504606851076,25
2305843009213698052,25
4611686018427392004,25
9223372036854779908,25
8,42
4398046511113,22
4398046511114,22
4398046511116,25
4398046511128,22
4398046511144,22
4398046511176,22
4398046511240,22
4398046511368,22
4398046511624,22
4398046512136,22
4398046513160,22
4398046515208,25
4398046519304,22
4398046527496,22
4398046543880,26
4398046576648,22
4398046642184,22
4398046773256,22
4398047035400,22
4398047559688,22
4398048608264,0
4398050705416,25
4398054899720,22
4398063288328,22
4398080065544,22
4398113619976,22
4398180728840,22
4398314946568,22
4398583382024,22
4399120252936,22
4400193994760,22
4402341478408,22
4406636445704,22
4415226380296,22
4432406249480,22
4466765987848,22
4535485464584,22
4672924418056,22
4947802325000,22
5497558138888,22
6597069766664,22
13194139533320,22
21990232555528,22
39582418599944,22
74766790688776,22
145135534866440,22
285873023221768,22
567347999932424,22
1130297953353736,22
2256197860196360,22
4507997673881608,22
9011597301252104,22
18018796555993096,22
36033195065475080,22
72061992084439048,22
144119586122366984,22
288234774198222856,22
576465150349934600,22
1152925902653358088,22
2305847407260205064,22
4611690416473899016,25
9223376434901286920,22
16,48
281474976710673,51
281474976710674,51
281474976710676,51
281474976710680,51
281474976710704,51
281474976710736,51
281474976710800,51
281474976710928,51
281474976711184,51
281474976711696,51
281474976712720,51
281474976714768,24
281474976718864,51
281474976727056,51
281474976743440,26
281474976776208,51
281474976841744,51
281474976972816,51
281474977234960,51
281474977759248,51
281474978807824,16
281474980904976,51
281474985099280,51
281474993487888,51
281475010265104,51
281475043819536,51
281475110928400,51
281475245146128,51
281475513581584,51
281476050452496,51
281477124194320,51
281479271677968,51
281483566645264,51
281492156579856,51
281509336449040,51
281543696187408,51
281612415664144,51
281749854617616,51
282024732524560,51
282574488338448,51
283673999966224,51
285873023221776,32
290271069732880,51
299067162755088,51
316659348799504,51
351843720888336,51
422212465066000,51
844424930131984,0
1407374883553296,0
2533274790395920,0
4785074604081168,51
9288674231451664,51
18295873486192656,51
36310271995674640,51
72339069014638608,51
144396663052566544,51
288511851128422416,51
576742227280134160,51
1153202979583557648,51
2306124484190404624,51
4611967493404098576,51
9223653511831486480,51
32,19
524321,22
524322,22
524324,22
524328,22
524336,22
524384,22
524448,22
524576,22
524832,22
525344,22
526368,22
528416,25
532512,22
540704,22
557088,51
589856,22
655392,22
786464,22
1572896,22
2621472,22
4718624,35
8912928,22
17301536,22
34078752,35
67633184,22
134742048,22
268959776,35
537395232,22
1074266144,22
2148007968,22
4295491616,22
8590458912,22
17180393504,22
34360262688,22
68720001056,22
137439477792,22
274878431264,22
549756338208,22
1099512152096,22
2199023779872,22
4398047035424,22
8796093546528,22
17592186568736,22
35184372613152,22
70368744701984,22
140737488879648,22
281474977234976,51
562949953945632,22
1125899907366944,22
2251799814209568,22
4503599627894816,22
9007199255265312,22
18014398510006304,22
36028797019488288,22
72057594038452256,22
144115188076380192,22
288230376152236064,22
576460752303947808,22
1152921504607371296,22
2305843009214218272,22
4611686018427912224,22
9223372036855300128,22
64,26
67108929,38
67108930,38
67108932,38
67108936,38
67108944,38
67108960,38
67109056,38
67109184,38
67109440,38
67109952,38
67110976,38
67113024,38
67117120,38
67125312,41
67141696,11
67174464,38
67240000,38
67371072,38
67633216,22
68157504,38
69206080,16
71303232,38
75497536,38
83886144,38
100663360,38
201326656,38
335544384,38
603979840,38
1140850752,38
2214592576,38
4362076224,38
8657043520,38
17246978112,38
34426847296,38
68786585664,38
137506062400,38
274945015872,41
549822922816,38
1099578736704,38
2199090364480,38
4398113620032,10
8796160131136,38
17592253153344,38
35184439197760,38
70368811286592,38
140737555464256,38
281475043819584,50
562950020530240,38
1125899973951552,41
2251799880794176,38
4503599694479424,38
9007199321849920,38
18014398576590912,38
36028797086072896,38
72057594105036864,38
144115188142964800,38
288230376218820672,38
576460752370532416,38
1152921504673955904,38
2305843009280802880,38
4611686018494496832,38
9223372036921884736,38
128,37
137438953601,13
137438953602,13
137438953604,13
137438953608,13
137438953616,13
137438953632,13
137438953664,13
137438953856,13
137438954112,13
137438954624,13
137438955648,13
137438957696,38
137438961792,33
137438969984,13
137438986368,39
137439019136,13
137439084672,13
137439215744,13
137439477888,25
137440002176,13
137441050752,5
137443147904,13
137447342208,13
137455730816,13
137472508032,33
137506062464,38
137573171328,13
137707389056,13
137975824512,13
138512695424,13
139586437248,13
141733920896,13
146028888192,13
154618822784,13
171798691968,13
206158430336,13
412316860544,13
687194767488,13
1236950581376,13
2336462209152,13
4535485464704,32
8933531975808,13
17729624998016,13
35321811042432,13
70506183131264,13
140874927308928,13
281612415664256,33
563087392374912,33
1126037345796224,13
2251937252638848,13
4503737066324096,13
9007336693694592,13
18014535948435584,13
36028934457917568,13
72057731476881536,13
144115325514809472,13
288230513590665344,13
576460889742377088,13
1152921642045800576,13
2305843146652647552,13
4611686155866341504,13
9223372174293729408,13
256,54
18014398509482241,57
18014398509482242,57
18014398509482244,57
18014398509482248,57
18014398509482256,57
18014398509482272,57
18014398509482304,57
18014398509482368,57
18014398509482752,57
18014398509483264,57
18014398509484288,57
18014398509486336,6
18014398509490432,57
18014398509498624,57
18014398509515008,51
18014398509547776,57
18014398509613312,57
18014398509744384,57
18014398510006528,51
18014398510530816,57
18014398511579392,55
18014398513676544,57
18014398517870848,57
18014398526259456,57
18014398543036672,57
18014398576591104,38
18014398643699968,57
18014398777917696,57
18014399046353152,57
18014399583224064,57
18014400656965888,57
18014402804449536,57
18014407099416832,57
18014415689351424,57
18014432869220608,57
18014467228958976,57
18014535948435712,38
18014673387389184,57
18014948265296128,57
18015498021110016,57
18016597532737792,57
18018796555993344,62
18023194602504448,57
18031990695526656,57
18049582881571072,57
18084767253659904,57
18155135997837568,57
18295873486192896,51
18577348462903552,57
19140298416324864,57
20266198323167488,6
22517998136852736,57
27021597764223232,57
54043195528446208,57
90071992547410176,57
162129586585338112,6
306244774661193984,57
594475150812905728,57
1170935903116329216,6
2323857407723176192,57
4629700416936870144,57
9241386435364258048,57
512,0
515,20
517,20
521,20
529,1
545,1
577,1
641,1
769,1
1537,1
2561,1
4609,4
8705,1
16897,1
33281,5
66049,1
131585,1
262657,1
524801,3
1049089,1
2097665,1
4194817,1
8389121,1
16777729,1
33554945,1
67109377,1
134218241,1
268435969,1
536871425,1
1073742337,1
2147484161,1
4294967809,1
8589935105,1
17179869697,1
34359738881,1
68719477249,1
137438953985,1
274877907457,1
549755814401,1
1099511628289,1
2199023256065,1
4398046511617,2
8796093022721,1
17592186044929,1
35184372089345,1
70368744178177,1
140737488355841,1
281474976711169,32
562949953421825,1
1125899906843137,1
2251799813685761,1
4503599627371009,1
9007199254741505,1
18014398509482497,51
36028797018964481,1
72057594037928449,1
144115188075856385,1
288230376151712257,1
576460752303424001,1
1152921504606847489,1
2305843009213694465,1
4611686018427388417,1
9223372036854776321,1
1024,9
1537,1
1538,57
1540,57
1544,57
1552,57
1568,57
1600,57
1664,57
1792,57
3584,57
5632,6
9728,57
17920,57
34304,63
67072,57
132608,57
263680,57
525824,25
1050112,57
2098688,1
4195840,57
8390144,57
16778752,57
33555968,1
67110400,41
134219264,57
268436992,57
536872448,57
1073743360,57
2147485184,57
4294968832,57
8589936128,57
17179870720,57
34359739904,57
68719478272,57
137438955008,13
274877908480,57
549755815424,57
1099511629312,57
2199023257088,1
4398046512640,41
8796093023744,57
17592186045952,57
35184372090368,57
70368744179200,57
140737488356864,57
281474976712192,63
562949953422848,57
1125899906844160,57
2251799813686784,57
4503599627372032,57
9007199254742528,57
18014398509483520,57
36028797018965504,57
72057594037929472,57
144115188075857408,1
288230376151713280,57
576460752303425024,57
1152921504606848512,57
2305843009213695488,57
4611686018427389440,57
9223372036854777344,57
2048,35
34359740417,34
34359740418,43
34359740420,43
34359740424,43
34359740432,43
34359740448,43
34359740480,43
34359740544,43
34359740672,43
34359740928,41
34359741440,43
34359744512,44
34359748608,43
34359756800,43
34359773184,39
34359805952,43
34359871488,43
34360002560,43
34360264704,3
34360788992,43
34361837568,38
34363934720,43
34368129024,43
34376517632,43
34393294848,43
34426849280,38
34493958144,43
34628175872,43
34896611328,43
35433482240,43
36507224064,43
38654707712,43
42949675008,43
51539609600,43
103079217152,43
171798693888,33
309237647360,43
584115554304,44
1133871368192,43
2233382995968,43
4432406251520,43
8830452762624,44
17626545784832,43
35218731829248,43
70403103918080,43
140771848095744,44
281509336451072,33
562984313161728,43
1125934266583040,43
2251834173425664,43
4503633987110912,43
9007233614481408,43
18014432869222400,38
36028831378704384,43
72057628397668352,43
144115222435596288,43
288230410511452160,43
576460786663163904,43
1152921538966587392,43
2305843043573434368,43
4611686052787128320,43
9223372071214516224,43
4096,63
9223372036854779905,4
9223372036854779906,29
9223372036854779908,29
9223372036854779912,29
9223372036854779920,29
9223372036854779936,29
9223372036854779968,29
9223372036854780032,29
9223372036854780160,29
9223372036854780416,3
9223372036854780928,29
9223372036854781952,29
9223372036854788096,29
9223372036854796288,29
9223372036854812672,14
9223372036854845440,29
9223372036854910976,29
9223372036855042048,29
9223372036855304192,29
9223372036855828480,29
9223372036856877056,29
9223372036858974208,29
9223372036863168512,29
9223372036871557120,29
9223372036888334336,29
9223372036921888768,29
9223372036988997632,29
9223372037123215360,29
9223372037391650816,51
9223372037928521728,29
9223372039002263552,29
9223372041149747200,29
9223372045444714496,29
9223372054034649088,29
9223372071214518272,29
9223372105574256640,29
9223372174293733376,29
9223372311732686848,29
9223372586610593792,29
9223373136366407680,29
9223374235878035456,29
9223376434901291008,46
9223380832947802112,29
9223389629040824320,29
9223407221226868736,29
9223442405598957568,51
9223512774343135232,29
9223653511831490560,24
9223934986808201216,29
9224497936761622528,29
9225623836668465152,29
9227875636482150400,29
9232379236109520896,29
9241386435364261888,29
9259400833873743872,29
9295429630892707840,29
9367487224930635776,29
9511602413006491648,29
9799832789158203392,29
10376293541461626880,29
11529215046068473856,29
13835058055282167808,29
8192,2
8197,1
8198,6
8204,6
8212,6
8228,6
8260,18
8324,6
8452,6
8708,10
9220,18
10244,6
12292,28
24580,18
40964,7
73732,6
139268,6
270340,6
532484,18
1056772,6
2105348,4
4202500,6
8396804,6
16785412,6
33562628,6
67117060,14
134225924,6
268443652,6
536879108,6
1073750020,6
2147491844,6
4294975492,6
8589942788,6
17179877380,6
34359746564,34
68719484932,6
137438961668,7
274877915140,6
549755822084,6
1099511635972,6
2199023263748,6
4398046519300,62
8796093030404,6
17592186052612,6
35184372097028,6
70368744185860,6
140737488363524,6
281474976718852,18
562949953429508,6
1125899906850820,6
2251799813693444,6
4503599627378692,6
9007199254749188,6
18014398509490180,6
36028797018972164,6
72057594037936132,6
144115188075864068,6
288230376151719940,6
576460752303431684,6
1152921504606855172,6
2305843009213702148,6
4611686018427396100,6
9223372036854784004,59
16384,4
16401,20
16402,7
16404,7
16408,7
16432,20
16464,20
16528,20
16656,7
16912,5
17424,7
18448,7
20496,28
24592,7
49168,7
81936,7
147472,7
278544,7
540688,28
1064976,7
2113552,55
4210704,7
8405008,7
16793616,7
33570832,7
67125264,24
134234128,7
268451856,7
536887312,7
1073758224,7
2147500048,7
4294983696,7
8589950992,7
17179885584,7
34359754768,44
68719493136,7
137438969872,7
274877923344,7
549755830288,7
1099511644176,7
2199023271952,7
4398046527504,40
8796093038608,7
17592186060816,7
35184372105232,7
70368744194064,7
140737488371728,7
281474976727056,52
562949953437712,7
1125899906859024,7
2251799813701648,7
4503599627386896,7
9007199254757392,7
18014398509498384,6
36028797018980368,7
72057594037944336,7
144115188075872272,7
288230376151728144,7
576460752303439888,7
1152921504606863376,7
2305843009213710352,7
4611686018427404304,7
9223372036854792208,59
32768,30
1073774593,60
1073774594,45
1073774596,45
1073774600,45
1073774608,45
1073774624,45
1073774656,45
1073774720,45
1073774848,45
1073775104,45
1073775616,45
1073776640,45
1073778688,14
1073782784,45
1073790976,45
1073840128,45
1073905664,45
1074036736,45
1074298880,45
1074823168,45
1075871744,45
1077968896,45
1082163200,45
1090551808,45
1107329024,45
1140883456,45
1207992320,45
1342210048,45
1610645504,45
3221258240,45
5368741888,45
9663709184,45
18253643776,45
35433512960,45
69793251328,45
138512728064,45
275951681536,45
550829588480,45
1100585402368,45
2200097030144,45
4399120285696,45
8797166796800,45
17593259819008,45
35185445863424,7
70369817952256,45
140738562129920,45
281476050485248,60
562951027195904,45
1125900980617216,45
2251800887459840,45
4503600701145088,45
9007200328515584,45
18014399583256576,60
36028798092738560,45
72057595111702528,45
144115189149630464,45
288230377225486336,45
576460753377198080,45
1152921505680621568,7
2305843010287468544,45
4611686019501162496,45
9223372037928550400,31
65536,24
16842753,40
16842754,40
16842756,40
16842760,40
16842768,7
16842784,40
16842816,40
16842880,40
16843008,44
16843264,8
16843776,40
16844800,40
16846848,44
16850944,40
16859136,40
16875520,7
16973824,40
17104896,40
17367040,23
17891328,40
18939904,61
21037056,40
25231360,40
50397184,40
83951616,27
151060480,40
285278208,40
553713664,40
1090584576,29
2164326400,40
4311810048,40
8606777344,40
17196711936,40
34376581120,44
68736319488,40
137455796224,45
274894749696,40
549772656640,40
1099528470528,44
2199040098304,40
4398063353856,40
8796109864960,40
17592202887168,40
35184388931584,40
70368761020416,40
140737505198080,40
281474993553408,56
562949970264064,40
1125899923685376,40
2251799830528000,40
4503599644213248,40
9007199271583744,40
18014398526324736,57
36028797035806720,40
72057594054770688,44
144115188092698624,40
288230376168554496,40
576460752320266240,40
1152921504623689728,40
2305843009230536704,40
4611686018444230656,40
9223372036871618560,59
131072,44
17592186175489,40
17592186175490,45
17592186175492,45
17592186175496,45
17592186175504,36
17592186175520,45
17592186175552,45
17592186175616,45
17592186175744,45
17592186176000,57
17592186176512,45
17592186177536,45
17592186179584,28
17592186183680,45
17592186191872,45
17592186208256,7
17592186241024,45
17592186437632,45
17592186699776,23
17592187224064,45
17592188272640,61
17592190369792,45
17592194564096,45
17592202952704,40
17592219729920,45
17592253284352,11
17592320393216,45
17592454610944,45
17592723046400,45
17593259917312,46
17594333659136,45
17596481142784,45
17600776110080,45
17609366044672,45
17626545913856,38
17660905652224,45
17729625128960,45
17867064082432,45
18141941989376,45
18691697803264,45
19791209431040,45
21990232686592,40
26388279197696,45
52776558264320,32
87960930353152,32
158329674530816,32
299067162886144,49
580542139596800,45
1143492093018112,45
2269391999860736,45
4521191813545984,45
9024791440916480,45
18031990695657472,57
36046389205139456,45
72075186224103424,45
144132780262031360,45
288247968337887232,45
576478344489598976,45
1152939096793022464,45
2305860601399869440,45
4611703610613563392,45
9223389629040951296,59
262144,49
562949953683457,17
562949953683458,57
562949953683460,57
562949953683464,57
562949953683472,7
562949953683488,57
562949953683520,57
562949953683584,57
562949953683712,57
562949953683968,57
562949953684480,57
562949953685504,57
562949953687552,57
562949953691648,57
562949953699840,57
562949953716224,7
562949953748992,57
562949953814528,57
562949954207744,23
562949954732032,57
562949955780608,61
562949957877760,57
562949962072064,57
562949970460672,56
562949987237888,57
562950020792320,11
562950087901184,57
562950222118912,57
562950490554368,57
562951027425280,29
562952101167104,57
562954248650752,57
562958543618048,57
562967133552640,57
562984313421824,33
563018673160192,57
563087392636928,13
563224831590400,57
563499709497344,57
564049465311232,57
565148976939008,57
567348000194560,59
571746046705664,57
580542139727872,45
598134325772288,57
633318697861120,57
703687442038784,57
844424930394112,50
1688849860526080,57
2814749767368704,57
5066549581053952,57
9570149208424448,1
18577348463165440,57
36591746972647424,57
72620543991611392,57
144678138029539328,1
288793326105395200,57
577023702257106944,57
1153484454560530432,57
2306405959167377408,1
4612248968381071360,57
9223934986808459264,61
524288,23
8912897,27
8912898,27
8912900,27
8912904,27
8912912,27
8912928,27
8912960,27
8913024,27
8913152,27
8913408,27
8913920,27
8914944,27
8916992,27
8921088,27
8929280,27
8945664,27
8978432,27
9043968,27
9175040,27
9961472,27
11010048,22
13107200,27
25690112,27
42467328,27
76021760,27
143130624,7
277348352,27
545783808,27
1082654720,31
2156396544,7
4303880192,27
8598847488,27
17188782080,27
34368651264,27
68728389632,27
137447866368,27
274886819840,27
549764726784,27
1099520540672,27
2199032168448,27
4398055424000,27
8796101935104,27
17592194957312,27
35184381001728,27
70368753090560,27
140737497268224,27
281474985623552,27
562949962334208,27
1125899915755520,27
2251799822598144,27
4503599636283392,27
9007199263653888,27
18014398518394880,27
36028797027876864,27
72057594046840832,27
144115188084768768,27
288230376160624640,27
576460752312336384,27
1152921504615759872,27
2305843009222606848,27
4611686018436300800,27
9223372036863688704,27
1048576,59
576460752304472065,11
576460752304472066,11
576460752304472068,6
576460752304472072,11
576460752304472080,5
576460752304472096,11
576460752304472128,11
576460752304472192,11
576460752304472320,11
576460752304472576,11
576460752304473088,11
576460752304474112,56
576460752304476160,11
576460752304480256,11
576460752304488448,11
576460752304504832,11
576460752304537600,11
576460752304603136,11
576460752304734208,11
576460752304996352,11
576460752306569216,29
576460752308666368,11
576460752312860672,7
576460752321249280,56
576460752338026496,11
576460752371580928,11
576460752438689792,56
576460752572907520,11
576460752841342976,11
576460753378213888,29
576460754451955712,11
576460756599439360,11
576460760894406656,11
576460769484341248,11
576460786664210432,43
576460821023948800,11
576460889743425536,45
576461027182379008,11
576461302060285952,11
576461851816099840,11
576462951327727616,11
576465150350983168,8
576469548397494272,56
576478344490516480,45
576495936676560896,11
576531121048649728,11
576601489792827392,11
576742227281182720,56
577023702257893376,57
577586652211314688,11
578712552118157312,11
580964351931842560,11
585467951559213056,11
594475150813954048,57
612489549323436032,11
648518346342400000,11
720575940380327936,11
864691128456183808,11
1729382256911319040,11
2882303761518166016,11
5188146770731859968,11
9799832789159247872,51
2097152,29
538968065,17
538968066,17
538968068,17
538968072,17
538968080,17
538968096,17
538968128,17
538968192,17
538968320,17
538968576,25
538969088,17
538970112,17
538972160,25
538976256,17
538984448,17
539000832,17
539033600,17
539099136,61
539230208,17
539492352,17
540016640,17
543162368,17
547356672,17
555745280,17
572522496,61
606076928,16
673185792,17
807403520,17
1612709888,17
2686451712,17
4833935360,17
9128902656,17
17718837248,17
34898706432,17
69258444800,17
137977921536,5
275416875008,17
550294781952,17
1100050595840,17
2199562223616,17
4398585479168,17
8796631990272,17
17592725012480,17
35184911056896,17
70369283145728,17
140738027323392,17
281475515678720,17
562950492389376,17
1125900445810688,17
2251800352653312,17
4503600166338560,17
9007199793709056,17
18014399048450048,17
36028797557932032,17
72057594576896000,17
144115188614823936,17
288230376690679808,17
576460752842391552,17
1152921505145815040,17
2305843009752662016,17
4611686018966355968,17
9223372037393743872,61
4194304,0
4194307,17
4194309,1
4194313,17
4194321,20
4194337,17
4194369,17
4194433,17
4194561,17
4194817,1
4195329,17
4196353,17
4198401,51
4202497,17
4210689,17
4227073,5
4259841,17
4325377,20
4456449,17
4718593,17
5242881,17
6291457,1
12582913,7
20971521,20
37748737,17
71303169,11
138412033,17
272629761,17
541065217,13
1077936129,14
2151677953,17
4299161601,17
8594128897,17
17184063489,20
34363932673,34
68723671041,17
137443147777,17
274882101249,17
549760008193,17
1099515822081,17
2199027449857,17
4398050705409,34
8796097216513,17
17592190238721,40
35184376283137,17
70368748371969,17
140737492549633,17
281474980904961,16
562949957615617,17
1125899911036929,17
2251799817879553,20
4503599631564801,17
9007199258935297,17
18014398513676289,51
36028797023158273,17
72057594042122241,17
144115188080050177,17
288230376155906049,17
576460752307617793,11
1152921504611041281,17
2305843009217888257,17
4611686018431582209,17
9223372036858970113,60
8388608,7
8388737,39
8388738,39
8388740,39
8388744,39
8388752,5
8388768,39
8388800,39
8388992,39
8389248,39
8389760,39
8390784,39
8392832,39
8396928,39
8405120,39
8421504,39
8454272,39
8519808,39
8650880,39
8913024,27
9437312,39
10485888,20
12583040,39
25165952,39
41943168,39
75497600,39
142606464,39
276824192,39
545259648,39
1082130560,39
2155872384,39
4303356032,39
8598323328,39
17188257920,39
34368127104,39
68727865472,39
137447342208,39
274886295680,39
549764202624,0
1099520016512,39
2199031644288,39
4398054899840,39
8796101410944,39
17592194433152,39
35184380477568,39
70368752566400,39
140737496744064,39
281474985099392,39
562949961810048,39
1125899915231360,39
2251799822073984,39
4503599635759232,39
9007199263129728,39
18014398517870720,55
36028797027352704,0
72057594046316672,39
144115188084244608,39
288230376160100480,39
576460752311812224,39
1152921504615235712,39
2305843009222082688,39
4611686018435776640,39
9223372036863164544,3
16777216,8
16777473,40
16777474,40
16777476,40
16777480,40
16777488,40
16777504,40
16777536,40
16777600,40
16777984,10
16778496,40
16779520,40
16781568,40
16785664,40
16793856,40
16810240,40
16843008,40
16908544,40
17039616,40
17301760,40
17826048,40
18874624,40
20971776,40
25166080,40
50331904,40
83886336,56
150995200,40
285212928,40
553648384,40
1090519296,40
2164261120,40
4311744768,40
8606712064,40
17196646656,40
34376515840,40
68736254208,40
137455730944,40
274894684416,40
549772591360,40
1099528405248,16
2199040033024,40
4398063288576,40
8796109799680,40
17592202821888,40
35184388866304,40
70368760955136,40
140737505132800,40
281474993488128,56
562949970198784,40
1125899923620096,40
2251799830462720,40
4503599644147968,40
9007199271518464,40
18014398526259456,40
36028797035741440,40
72057594054705408,16
144115188092633344,40
288230376168489216,40
576460752320200960,56
1152921504623624448,40
2305843009230471424,40
4611686018444165376,40
9223372036871553280,40
33554432,0
33554435,17
33554437,1
33554441,17
33554449,20
33554465,17
33554497,17
33554561,17
33554689,17
33554945,1
33555457,17
33556481,17
33558529,17
33562625,17
33570817,17
33587201,5
33619969,17
33685505,20
33816577,17
34078721,17
34603009,17
35651585,1
37748737,17
41943041,17
50331649,20
100663297,11
167772161,17
301989889,17
570425345,13
1107296257,14
2181038081,17
4328521729,17
8623489025,17
17213423617,20
34393292801,34
68753031169,17
137472507905,17
274911461377,17
549789368321,17
1099545182209,17
2199056809985,17
4398080065537,34
8796126576641,17
17592219598849,40
35184405643265,17
70368777732097,17
140737521909761,17
281475010265089,16
562949986975745,17
1125899940397057,17
2251799847239681,20
4503599660924929,17
9007199288295425,17
18014398543036417,51
36028797052518401,17
72057594071482369,17
144115188109410305,17
288230376185266177,17
576460752336977921,11
1152921504640401409,17
2305843009247248385,17
4611686018460942337,17
9223372036888330241,60
67108864,11
67110913,41
67110914,41
67110916,41
67110920,41
67110928,41
67110944,41
67110976,41
67111040,41
67111168,41
67111424,41
67111936,41
67115008,41
67119104,41
67127296,41
67143680,41
67176448,41
67241984,41
67373056,41
67635200,41
68159488,41
69208064,41
71305216,41
75499520,41
83888128,25
100665344,41
201328640,41
335546368,41
603981824,41
1140852736,18
2214594560,41
4362078208,41
8657045504,41
17246980096,41
34426849280,41
68786587648,41
137506064384,41
274945017856,41
549822924800,41
1099578738688,41
2199090366464,14
4398113622016,41
8796160133120,41
17592253155328,41
35184439199744,41
70368811288576,41
140737555466240,41
281475043821568,56
562950020532224,41
1125899973953536,41
2251799880796160,41
4503599694481408,41
9007199321851904,41
18014398576592896,41
36028797086074880,41
72057594105038848,14
144115188142966784,41
288230376218822656,41
576460752370534400,56
1152921504673957888,41
2305843009280804864,41
4611686018494498816,41
9223372036921886720,41
134217728,0
134217731,17
134217733,1
134217737,17
134217745,20
134217761,17
134217793,17
134217857,17
134217985,17
134218241,1
134218753,17
134219777,17
134221825,51
134225921,17
134234113,17
134250497,5
134283265,17
134348801,20
134479873,17
134742017,17
135266305,17
136314881,1
138412033,17
142606337,17
150994945,20
167772161,17
201326593,14
402653185,17
671088641,13
1207959553,14
2281701377,17
4429185025,17
8724152321,17
17314086913,20
34493956097,34
68853694465,17
137573171201,17
275012124673,17
549890031617,17
1099645845505,17
2199157473281,17
4398180728833,34
8796227239937,17
17592320262145,40
35184506306561,17
70368878395393,17
140737622573057,17
281475110928385,16
562950087639041,17
1125900041060353,17
2251799947902977,20
4503599761588225,17
9007199388958721,17
18014398643699713,51
36028797153181697,17
72057594172145665,17
144115188210073601,17
288230376285929473,17
576460752437641217,17
1152921504741064705,17
2305843009347911681,17
4611686018561605633,17
9223372036988993537,60
268435456,0
268435459,17
268435461,1
268435465,17
268435473,20
268435489,17
268435521,17
268435585,17
268435713,17
268435969,1
268436481,17
268437505,17
268439553,51
268443649,17
268451841,17
268468225,5
268500993,17
268566529,20
268697601,17
268959745,17
269484033,17
270532609,1
272629761,17
276824065,17
285212673,17
301989889,17
335544321,14
402653185,17
805306369,13
1342177281,14
2415919105,17
4563402753,17
8858370049,17
17448304641,20
34628173825,34
68987912193,17
137707388929,17
275146342401,17
550024249345,17
1099780063233,17
2199291691009,17
4398314946561,34
8796361457665,17
17592454479873,40
35184640524289,17
70369012613121,17
140737756790785,17
281475245146113,16
562950221856769,17
1125900175278081,17
2251800082120705,20
4503599895805953,17
9007199523176449,17
18014398777917441,51
36028797287399425,17
72057594306363393,17
144115188344291329,17
288230376420147201,17
576460752571858945,17
1152921504875282433,17
2305843009482129409,17
4611686018695823361,17
9223372037123211265,60
536870912,13
536879105,45
536879106,45
536879108,45
536879112,45
536879120,45
536879136,45
536879168,45
536879232,45
536879360,45
536879616,1
536880128,45
536881152,45
536883200,45
536895488,45
536911872,45
536944640,45
537010176,45
537141248,45
537403392,45
537927680,45
538976256,61
541073408,45
545267712,45
553656320,45
570433536,45
603987968,45
671096832,45
805314560,45
1610620928,28
2684362752,45
4831846400,45
9126813696,45
17716748288,45
34896617472,45
69256355840,45
137975832576,45
275414786048,45
550292692992,45
1100048506880,45
2199560134656,45
4398583390208,45
8796629901312,45
17592722923520,45
35184908967936,0
70369281056768,45
140738025234432,45
281475513589760,45
562950490300416,61
1125900443721728,45
2251800350564352,45
4503600164249600,45
9007199791620096,45
18014399046361088,45
36028797555843072,45
72057594574807040,45
144115188612734976,45
288230376688590848,45
576460752840302592,45
1152921505143726080,45
2305843009750573056,0
4611686018964267008,45
9223372037391654912,61
1073741824,14
1073758209,46
1073758210,46
1073758212,6
1073758216,46
1073758224,46
1073758240,46
1073758272,46
1073758336,46
1073758464,46
1073758720,46
1073759232,46
1073760256,46
1073762304,46
1073766400,46
1073790976,45
1073823744,46
1073889280,46
1074020352,46
1074282496,46
1074806784,46
1075855360,46
1077952512,46
1082146816,46
1090535424,46
1107312640,46
1140867072,18
1207975936,46
1342193664,46
1610629120,28
3221241856,46
5368725504,46
9663692800,46
18253627392,46
35433496576,46
69793234944,46
138512711680,46
275951665152,46
550829572096,46
1100585385984,46
2200097013760,46
4399120269312,46
8797166780416,46
17593259802624,46
35185445847040,46
70369817935872,0
140738562113536,46
281476050468864,46
562951027179520,46
1125900980600832,46
2251800887443456,46
4503600701128704,46
9007200328499200,46
18014399583240192,62
36028798092722176,46
72057595111686144,46
144115189149614080,46
288230377225469952,46
576460753377181696,46
1152921505680605184,46
2305843010287452160,46
4611686019501146112,0
9223372037928534016,62
2147483648,0
2147483651,17
2147483653,1
2147483657,17
2147483665,20
2147483681,17
2147483713,17
2147483777,17
2147483905,17
2147484161,17
2147484673,17
2147485697,17
2147487745,51
2147491841,17
2147500033,17
2147516417,5
2147549185,17
2147614721,20
2147745793,17
2148007937,17
2148532225,17
2149580801,1
2151677953,17
2155872257,17
2164260865,20
2181038081,17
2214592513,17
2281701377,17
2415919105,17
2684354561,17
3221225473,17
6442450945,17
10737418241,17
19327352833,20
36507222017,34
70866960385,17
139586437121,17
277025390593,17
551903297537,17
1101659111425,17
2201170739201,17
4400193994753,34
8798240505857,17
17594333528065,40
35186519572481,17
70370891661313,17
140739635838977,17
281477124194305,16
562952100904961,17
1125902054326273,17
2251801961168897,20
4503601774854145,17
9007201402224641,17
18014400656965633,51
36028799166447617,17
72057596185411585,17
144115190223339521,17
288230378299195393,17
576460754450907137,17
1152921506754330625,17
2305843011361177601,17
4611686020574871553,17
9223372039002259457,60
4294967296,0
4294967299,17
4294967301,1
4294967305,17
4294967313,20
4294967329,17
4294967361,17
4294967425,17
4294967553,17
4294967809,17
4294968321,17
4294969345,17
4294971393,51
4294975489,17
4294983681,17
4295000065,5
4295032833,17
4295098369,20
4295229441,17
4295491585,17
4296015873,17
4297064449,1
4299161601,17
4303355905,17
4311744513,20
4328521729,17
4362076161,17
4429185025,17
4563402753,17
4831838209,17
5368709121,17
6442450945,17
12884901889,17
21474836481,20
38654705665,17
73014444033,17
141733920769,17
279172874241,17
554050781185,17
1103806595073,17
2203318222849,17
4402341478401,34
8800387989505,17
17596481011713,17
35188667056129,17
70373039144961,17
140741783322625,17
281479271677953,60
562954248388609,17
1125904201809921,17
2251804108652545,20
4503603922337793,17
9007203549708289,17
18014402804449281,51
36028801313931265,17
72057598332895233,17
144115192370823169,17
288230380446679041,17
576460756598390785,17
1152921508901814273,17
2305843013508661249,17
4611686022722355201,17
9223372041149743105,60
8589934592,0
8589934595,17
8589934597,1
8589934601,17
8589934609,20
8589934625,17
8589934657,17
8589934721,17
8589934849,17
8589935105,17
8589935617,17
8589936641,17
8589938689,51
8589942785,17
8589950977,17
8589967361,5
8590000129,17
8590065665,20
8590196737,17
8590458881,17
8590983169,17
8592031745,1
8594128897,17
8598323201,17
8606711809,20
8623489025,17
8657043457,17
8724152321,17
8858370049,17
9126805505,17
9663676417,17
10737418241,17
12884901889,17
25769803777,20
42949672961,17
77309411329,17
146028888065,17
283467841537,17
558345748481,17
1108101562369,17
2207613190145,17
4406636445697,34
8804682956801,17
17600775979009,40
35192962023425,17
70377334112257,17
140746078289921,17
281483566645249,16
562958543355905,17
1125908496777217,17
2251808403619841,20
4503608217305089,17
9007207844675585,17
18014407099416577,51
36028805608898561,17
72057602627862529,17
144115196665790465,17
288230384741646337,17
576460760893358081,17
1152921513196781569,17
2305843017803628545,17
4611686027017322497,17
9223372045444710401,60
17179869184,0
17179869187,20
17179869189,1
17179869193,20
17179869201,20
17179869217,20
17179869249,20
17179869313,20
17179869441,20
17179869697,20
17179870209,20
17179871233,20
17179873281,20
17179877377,20
17179885569,20
17179901953,5
17179934721,20
17180000257,20
17180131329,20
17180393473,16
17180917761,1
17181966337,1
17184063489,20
17188257793,20
17196646401,20
17213423617,20
17246978049,20
17314086913,20
17448304641,20
17716740097,20
18253611009,20
19327352833,20
21474836481,20
25769803777,20
51539607553,20
85899345921,20
154618822657,20
292057776129,20
566935683073,20
1116691496961,1
2216203124737,20
4415226380289,40
8813272891393,20
17609365913601,40
35201551958017,20
70385924046849,20
140754668224513,20
281492156579841,16
562967133290497,1
1125917086711809,20
2251816993554433,20
4503616807239681,20
9007216434610177,20
18014415689351169,60
36028814198833153,20
72057611217797121,20
144115205255725057,20
288230393331580929,20
576460769483292673,20
1152921521786716161,1
2305843026393563137,20
4611686035607257089,20
9223372054034644993,60
34359738368,32
38654705665,34
38654705666,33
38654705668,34
38654705672,33
38654705680,33
38654705696,33
38654705728,33
38654705792,33
38654705920,33
38654706176,33
38654706688,33
38654707712,33
38654709760,33
38654713856,33
38654722048,33
38654738432,33
38654771200,33
38654836736,33
38654967808,33
38655229952,3
38655754240,33
38656802816,33
38658899968,33
38663094272,33
38671482880,33
38688260096,33
38721814528,33
38788923392,33
38923141120,33
39191576576,33
39728447488,33
40802189312,33
47244640256,39
55834574848,39
107374182400,33
176093659136,33
313532612608,33
588410519552,33
1138166333440,33
2237677961216,33
4436701216768,34
8834747727872,33
17630840750080,33
35223026794496,33
70407398883328,33
140776143060992,33
281513631416320,33
562988608126976,33
1125938561548288,33
2251838468390912,33
4503638282076160,33
9007237909446656,33
18014437164187648,33
36028835673669632,33
72057632692633600,33
144115226730561536,33
288230414806417408,33
576460790958129152,33
1152921543261552640,33
2305843047868399616,33
4611686057082093568,33
9223372075509481472,33
68719476736,0
68719476739,17
68719476741,1
68719476745,17
68719476753,17
68719476769,17
68719476801,17
68719476865,17
68719476993,17
68719477249,17
68719477761,17
68719478785,17
68719480833,51
68719484929,17
68719493121,17
68719509505,5
68719542273,17
68719607809,20
68719738881,17
68720001025,17
68720525313,17
68721573889,1
68723671041,17
68727865345,17
68736253953,20
68753031169,17
68786585601,17
68853694465,17
68987912193,17
69256347649,17
69793218561,17
70866960385,17
73014444033,17
77309411329,17
85899345921,20
103079215105,17
206158430209,17
343597383681,17
618475290625,17
1168231104513,17
2267742732289,17
4466765987841,34
8864812498945,17
17660905521153,17
35253091565569,17
70437463654401,17
140806207832065,17
281543696187393,60
563018672898049,17
1125968626319361,17
2251868533161985,20
4503668346847233,17
9007267974217729,17
18014467228958721,51
36028865738440705,17
72057662757404673,17
144115256795332609,17
288230444871188481,17
576460821022900225,17
1152921573326323713,17
2305843077933170689,17
4611686087146864641,17
9223372105574252545,60
137438953472,33
146028888065,41
146028888066,41
146028888068,41
146028888072,41
146028888080,41
146028888096,41
146028888128,41
146028888192,22
146028888320,41
146028888576,41
146028889088,41
146028890112,41
146028892160,41
146028896256,41
146028904448,41
146028920832,41
146028953600,41
146029019136,41
146029150208,41
146029412352,41
146029936640,41
146030985216,41
146033082368,41
146037276672,41
146045665280,41
146062442496,41
146095996928,41
146163105792,41
146297323520,41
146565758976,41
147102629888,41
148176371712,41
150323855360,41
163208757248,41
180388626432,41
214748364800,41
420906795008,41
695784701952,41
1245540515840,41
2345052143616,36
4544075399168,41
8942121910272,41
17738214932480,45
35330400976896,36
70514773065728,41
140883517243392,41
281621005598720,3
563095982309376,1
1126045935730688,41
2251945842573312,41
4503745656258560,41
9007345283629056,41
18014544538370048,41
36028943047852032,41
72057740066816000,41
144115334104743936,41
288230522180599808,41
576460898332311552,41
1152921650635735040,41
2305843155242582016,41
4611686164456275968,41
9223372182883663872,41
274877906944,0
274877906947,17
274877906949,1
274877906953,17
274877906961,20
274877906977,17
274877907009,17
274877907073,17
274877907201,17
274877907457,17
274877907969,17
274877908993,17
274877911041,17
274877915137,17
274877923329,17
274877939713,5
274877972481,17
274878038017,20
274878169089,17
274878431233,17
274878955521,17
274880004097,1
274882101249,17
274886295553,17
274894684161,20
274911461377,17
274945015809,17
275012124673,17
275146342401,17
275414777857,17
275951648769,17
277025390593,17
279172874241,17
283467841537,17
292057776129,20
309237645313,17
343597383681,17
412316860417,17
824633720833,17
1374389534721,17
2473901162497,17
4672924418049,40
9070970929153,17
17867063951361,17
35459249995777,17
70643622084609,17
141012366262273,17
281749854617601,60
563224831328257,17
1126174784749569,17
2252074691592193,20
4503874505277441,17
9007474132647937,17
18014673387388929,51
36029071896870913,17
72057868915834881,17
144115462953762817,17
288230651029618689,17
576461027181330433,17
1152921779484753921,17
2305843284091600897,17
4611686293305294849,17
9223372311732682753,60
549755813888,0
549755813891,17
549755813893,1
549755813897,17
549755813905,20
549755813921,17
549755813953,17
549755814017,17
549755814145,17
549755814401,17
549755814913,17
549755815937,17
549755817985,51
549755822081,17
549755830273,17
549755846657,5
549755879425,17
549755944961,20
549756076033,17
549756338177,17
549756862465,17
549757911041,1
549760008193,17
549764202497,17
549772591105,20
549789368321,17
549822922753,17
549890031617,17
550024249345,17
550292684801,17
550829555713,17
551903297537,17
554050781185,17
558345748481,17
566935683073,20
584115552257,17
618475290625,17
687194767361,17
824633720833,17
1649267441665,17
2748779069441,17
4947802324993,34
9345848836097,17
18141941858305,17
35734127902721,17
70918499991553,17
141287244169217,17
282024732524545,60
563499709235201,17
1126449662656513,17
2252349569499137,20
4504149383184385,17
9007749010554881,17
18014948265295873,51
36029346774777857,17
72058143793741825,17
144115737831669761,17
288230925907525633,17
576461302059237377,17
1152922054362660865,17
2305843558969507841,17
4611686568183201793,17
9223372586610589697,60
1099511627776,0
1099511627779,17
1099511627781,1
1099511627785,17
1099511627793,17
1099511627809,17
1099511627841,17
1099511627905,17
1099511628033,17
1099511628289,17
1099511628801,17
1099511629825,17
1099511631873,51
1099511635969,17
1099511644161,17
1099511660545,5
1099511693313,17
1099511758849,1
1099511889921,17
1099512152065,17
1099512676353,17
1099513724929,1
1099515822081,17
1099520016385,17
1099528404993,16
1099545182209,17
1099578736641,17
1099645845505,17
1099780063233,17
1100048498689,17
1100585369601,17
1101659111425,17
1103806595073,17
1108101562369,17
1116691496961,1
1133871366145,17
1168231104513,17
1236950581249,17
1374389534721,17
1649267441665,17
3298534883329,17
5497558138881,34
9895604649985,17
18691697672193,17
36283883716609,17
71468255805441,17
141836999983105,17
282574488338433,17
564049465049089,17
1126999418470401,17
2252899325313025,1
4504699138998273,17
9008298766368769,17
18015498021109761,51
36029896530591745,17
72058693549555713,17
144116287587483649,17
288231475663339521,17
576461851815051265,17
1152922604118474753,17
2305844108725321729,17
4611687117939015681,17
9223373136366403585,17
2199023255552,0
2199023255555,17
2199023255557,1
2199023255561,17
2199023255569,20
2199023255585,17
2199023255617,17
2199023255681,17
2199023255809,17
2199023256065,17
2199023256577,17
2199023257601,17
2199023259649,51
2199023263745,17
2199023271937,17
2199023288321,5
2199023321089,17
2199023386625,20
2199023517697,17
2199023779841,17
2199024304129,17
2199025352705,17
2199027449857,17
2199031644161,17
2199040032769,20
2199056809985,17
2199090364417,17
2199157473281,17
2199291691009,17
2199560126465,17
2200096997377,17
2201170739201,17
2203318222849,17
2207613190145,17
2216203124737,20
2233382993921,17
2267742732289,17
2336462209025,17
2473901162497,17
2748779069441,17
3298534883329,17
6597069766657,34
10995116277761,17
19791209299969,17
37383395344385,17
72567767433217,17
142936511610881,17
283673999966209,60
565148976676865,17
1128098930098177,17
2253998836940801,20
4505798650626049,17
9009398277996545,17
18016597532737537,51
36030996042219521,17
72059793061183489,17
144117387099111425,17
288232575174967297,17
576462951326679041,17
1152923703630102529,17
2305845208236949505,17
4611688217450643457,17
9223374235878031361,60
4398046511104,34
4415226380289,17
4415226380290,38
4415226380292,18
4415226380296,38
4415226380304,38
4415226380320,38
4415226380352,38
4415226380416,38
4415226380544,38
4415226380800,38
4415226381312,38
4415226382336,38
4415226384384,38
4415226388480,38
4415226396672,38
4415226413056,38
4415226445824,38
4415226511360,38
4415226642432,38
4415226904576,38
4415227428864,38
4415228477440,38
4415230574592,38
4415234768896,38
4415243157504,38
4415259934720,38
4415293489152,10
4415360598016,38
4415494815744,38
4415763251200,38
4416300122112,38
4417373863936,38
4419521347584,38
4423816314880,38
4449586118656,38
4483945857024,38
4552665333760,38
4690104287232,40
4964982194176,38
5514738008064,38
6614249635840,38
13211319402496,38
22007412424704,46
39599598469120,38
74783970557952,40
145152714735616,38
285890203090944,38
567365179801600,38
1130315133222912,38
2256215040065536,38
4508014853750784,38
9011614481121280,38
18018813735862272,38
36033212245344256,38
72062009264308224,38
144119603302236160,38
288234791378092032,38
576465167529803776,38
1152925919833227264,38
2305847424440074240,38
4611690433653768192,38
9223376452081156096,38
8796093022208,0
8796093022211,20
8796093022213,1
8796093022217,20
8796093022225,20
8796093022241,20
8796093022273,20
8796093022337,20
8796093022465,20
8796093022721,20
8796093023233,20
8796093024257,20
8796093026305,20
8796093030401,20
8796093038593,20
8796093054977,5
8796093087745,20
8796093153281,20
8796093284353,20
8796093546497,16
8796094070785,1
8796095119361,1
8796097216513,20
8796101410817,20
8796109799425,20
8796126576641,20
8796160131073,20
8796227239937,20
8796361457665,20
8796629893121,20
8797166764033,20
8798240505857,20
8800387989505,20
8804682956801,20
8813272891393,17
8830452760577,20
8864812498945,20
8933531975681,20
9070970929153,20
9345848836097,20
9895604649985,1
10995116277761,20
13194139533313,20
26388279066625,20
43980465111041,20
79164837199873,20
149533581377537,20
290271069732865,60
571746046443521,20
1134695999864833,20
2260595906707457,20
4512395720392705,20
9015995347763201,20
18023194602504193,60
36037593111986177,20
72066390130950145,20
144123984168878081,20
288239172244733953,20
576469548396445697,20
1152930300699869185,1
2305851805306716161,20
4611694814520410113,20
9223380832947798017,60
17592186044416,45
52776558133249,46
52776558133250,46
52776558133252,46
52776558133256,46
52776558133264,46
52776558133280,46
52776558133312,46
52776558133376,46
52776558133504,46
52776558133760,46
52776558134272,46
52776558135296,46
52776558137344,28
52776558141440,46
52776558149632,46
52776558166016,46
52776558198784,46
52776558264320,46
52776558395392,46
52776558657536,46
52776559181824,46
52776560230400,46
52776562327552,46
52776566521856,46
52776574910464,46
52776591687680,46
52776625242112,46
52776692350976,46
52776826568704,46
52777095004160,46
52777631875072,46
52778705616896,46
52780853100544,36
52785148067840,46
52793738002432,46
52810917871616,47
52845277609984,46
52913997086720,46
53051436040192,46
53326313947136,46
53876069761024,46
54975581388800,46
57174604644352,46
61572651155456,46
123145302310912,0
193514046488576,0
334251534843904,46
615726511554560,46
1178676464975872,46
2304576371818496,46
4556376185503744,46
9059975812874240,46
18067175067615232,46
36081573577097216,46
72110370596061184,46
144167964633989120,46
288283152709844992,46
576513528861556736,46
1152974281164980224,46
2305895785771827200,46
4611738794985521152,46
9223424813412909056,46
35184372088832,0
35184372088835,20
35184372088837,1
35184372088841,20
35184372088849,20
35184372088865,20
35184372088897,20
35184372088961,20
35184372089089,20
35184372089345,20
35184372089857,20
35184372090881,20
35184372092929,20
35184372097025,20
35184372105217,20
35184372121601,5
35184372154369,20
35184372219905,20
35184372350977,20
35184372613121,16
35184373137409,1
35184374185985,1
35184376283137,20
35184380477441,20
35184388866049,20
35184405643265,20
35184439197697,20
35184506306561,20
35184640524289,20
35184908959745,20
35185445830657,20
35186519572481,20
35188667056129,20
35192962023425,20
35201551958017,17
35218731827201,20
35253091565569,20
35321811042305,20
35459249995777,20
35734127902721,20
36283883716609,1
37383395344385,20
39582418599937,40
43980465111041,20
52776558133249,46
105553116266497,20
175921860444161,20
316659348799489,60
598134325510145,20
1161084278931457,20
2286984185774081,20
4538783999459329,20
9042383626829825,20
18049582881570817,60
36063981391052801,20
72092778410016769,20
144150372447944705,20
288265560523800577,20
576495936675512321,20
1152956688978935809,1
2305878193585782785,20
4611721202799476737,20
9223407221226864641,60
70368744177664,0
70368744177667,20
70368744177669,1
70368744177673,20
70368744177681,20
70368744177697,20
70368744177729,20
70368744177793,20
70368744177921,20
70368744178177,20
70368744178689,20
70368744179713,20
70368744181761,20
70368744185857,20
70368744194049,20
70368744210433,5
70368744243201,20
70368744308737,20
70368744439809,20
70368744701953,16
70368745226241,1
70368746274817,1
70368748371969,20
70368752566273,20
70368760954881,20
70368777732097,20
70368811286529,20
70368878395393,20
70369012613121,20
70369281048577,20
70369817919489,20
70370891661313,20
70373039144961,20
70377334112257,20
70385924046849,17
70403103916033,20
70437463654401,20
70506183131137,20
70643622084609,20
70918499991553,20
71468255805441,1
72567767433217,20
74766790688769,40
79164837199873,20
87960930222081,20
105553116266497,20
211106232532993,20
351843720888321,60
633318697598977,20
1196268651020289,20
2322168557862913,20
4573968371548161,20
9077567998918657,20
18084767253659649,60
36099165763141633,20
72127962782105601,20
144185556820033537,20
288300744895889409,20
576531121047601153,20
1152991873351024641,1
2305913377957871617,20
4611756387171565569,20
9223442405598953473,60
140737488355328,0
140737488355331,20
140737488355333,1
140737488355337,20
140737488355345,20
140737488355361,20
140737488355393,20
140737488355457,20
140737488355585,20
140737488355841,20
140737488356353,20
140737488357377,20
140737488359425,20
140737488363521,20
140737488371713,20
140737488388097,5
140737488420865,20
140737488486401,20
140737488617473,20
140737488879617,16
140737489403905,1
140737490452481,1
140737492549633,20
140737496743937,20
140737505132545,20
140737521909761,20
140737555464193,20
140737622573057,20
140737756790785,20
140738025226241,20
140738562097153,20
140739635838977,20
140741783322625,20
140746078289921,20
140754668224513,17
140771848093697,20
140806207832065,20
140874927308801,20
141012366262273,20
141287244169217,20
141836999983105,1
142936511610881,20
145135534866433,40
149533581377537,20
158329674399745,20
175921860444161,20
211106232532993,20
422212465065985,60
703687441776641,20
1266637395197953,20
2392537302040577,20
4644337115725825,20
9147936743096321,20
18155135997837313,60
36169534507319297,20
72198331526283265,20
144255925564211201,20
288371113640067073,20
576601489791778817,20
1153062242095202305,1
2305983746702049281,20
4611826755915743233,20
9223512774343131137,60
281474976710656,52
4785074604081153,60
4785074604081154,56
4785074604081156,56
4785074604081160,56
4785074604081168,20
4785074604081184,56
4785074604081216,56
4785074604081280,56
4785074604081408,56
4785074604081664,56
4785074604082176,56
4785074604083200,56
4785074604085248,56
4785074604089344,56
4785074604097536,56
4785074604113920,56
4785074604146688,56
4785074604212224,56
4785074604343296,56
4785074604605440,56
4785074605129728,56
4785074606178304,56
4785074608275456,56
4785074612469760,56
4785074620858368,56
4785074637635584,56
4785074671190016,56
4785074738298880,56
4785074872516608,56
4785075140952064,56
4785075677822976,56
4785076751564800,56
4785078899048448,56
4785083194015744,3
4785091783950336,56
4785108963819520,56
4785143323557888,56
4785212043034624,56
4785349481988096,56
4785624359895040,56
4786174115708928,56
4787273627336704,56
4789472650592256,56
4793870697103360,56
4802666790125568,56
4820258976169984,56
4855443348258816,56
4925812092436480,56
5348024557502464,50
5910974510923776,56
7036874417766400,56
13792273858822144,56
22799473113563136,60
40813871623045120,56
76842668642009088,0
148900262679937024,56
293015450755792896,56
581245826907504640,56
1157706579210928128,0
2310628083817775104,56
4616471093031469056,56
9228157111458856960,60
562949953421312,53
9570149208162305,57
9570149208162306,57
9570149208162308,57
9570149208162312,57
9570149208162320,57
9570149208162336,57
9570149208162368,57
9570149208162432,57
9570149208162560,57
9570149208162816,57
9570149208163328,57
9570149208164352,57
9570149208166400,57
9570149208170496,57
9570149208178688,57
9570149208195072,57
9570149208227840,57
9570149208293376,57
9570149208424448,57
9570149208686592,57
9570149209210880,57
9570149210259456,61
9570149212356608,57
9570149216550912,57
9570149224939520,57
9570149241716736,57
9570149275271168,57
9570149342380032,57
9570149476597760,57
9570149745033216,57
9570150281904128,57
9570151355645952,57
9570153503129600,57
9570157798096896,1
9570166388031488,57
9570183567900672,57
9570217927639040,57
9570286647115776,57
9570424086069248,57
9570698963976192,57
9571248719790080,57
9572348231417856,57
9574547254673408,57
9578945301184512,57
9587741394206720,57
9605333580251136,57
9640517952339968,57
9710886696517632,57
9851624184872960,50
10696049115004928,57
11821949021847552,57
14073748835532800,57
27584547717644288,57
45598946227126272,57
81627743246090240,57
153685337284018176,0
297800525359874048,57
586030901511585792,57
1162491653815009280,57
2315413158421856256,0
4621256167635550208,57
9232942186062938112,61
1125899906842624,0
1125899906842627,20
1125899906842629,1
1125899906842633,20
1125899906842641,20
1125899906842657,20
1125899906842689,20
1125899906842753,20
1125899906842881,20
1125899906843137,20
1125899906843649,20
1125899906844673,20
1125899906846721,20
1125899906850817,20
1125899906859009,20
1125899906875393,5
1125899906908161,20
1125899906973697,20
1125899907104769,20
1125899907366913,16
1125899907891201,1
1125899908939777,1
1125899911036929,20
1125899915231233,20
1125899923619841,20
1125899940397057,20
1125899973951489,20
1125900041060353,20
1125900175278081,20
1125900443713537,20
1125900980584449,20
1125902054326273,20
1125904201809921,20
1125908496777217,20
1125917086711809,17
1125934266580993,20
1125968626319361,20
1126037345796097,20
1126174784749569,20
1126449662656513,20
1126999418470401,1
1128098930098177,20
1130297953353729,40
1134695999864833,20
1143492092887041,20
1161084278931457,20
1196268651020289,20
1266637395197953,20
1407374883553281,20
1688849860263937,20
3377699720527873,20
5629499534213121,20
10133099161583617,20
19140298416324609,60
37154696925806593,20
73183493944770561,20
145241087982698497,20
289356276058554369,20
577586652210266113,20
1154047404513689601,1
2306968909120536577,20
4612811918334230529,20
9224497936761618433,60
2251799813685248,0
2251799813685251,20
2251799813685253,1
2251799813685257,20
2251799813685265,20
2251799813685281,20
2251799813685313,20
2251799813685377,20
2251799813685505,20
2251799813685761,20
2251799813686273,20
2251799813687297,20
2251799813689345,20
2251799813693441,20
2251799813701633,20
2251799813718017,5
2251799813750785,20
2251799813816321,20
2251799813947393,20
2251799814209537,16
2251799814733825,1
2251799815782401,1
2251799817879553,20
2251799822073857,20
2251799830462465,20
2251799847239681,20
2251799880794113,20
2251799947902977,20
2251800082120705,20
2251800350556161,20
2251800887427073,20
2251801961168897,20
2251804108652545,20
2251808403619841,20
2251816993554433,20
2251834173423617,20
2251868533161985,20
2251937252638721,20
2252074691592193,20
2252349569499137,20
2252899325313025,1
2253998836940801,20
2256197860196353,40
2260595906707457,20
2269391999729665,20
2286984185774081,20
2322168557862913,20
2392537302040577,20
2533274790395905,20
2814749767106561,20
3377699720527873,20
6755399441055745,20
11258999068426241,20
20266198323167233,6
38280596832649217,20
74309393851613185,20
146366987889541121,20
290482175965396993,20
578712552117108737,20
1155173304420532225,1
2308094809027379201,20
4613937818241073153,20
9225623836668461057,60
4503599627370496,0
4503599627370499,20
4503599627370501,1
4503599627370505,20
4503599627370513,20
4503599627370529,20
4503599627370561,20
4503599627370625,20
4503599627370753,20
4503599627371009,20
4503599627371521,20
4503599627372545,20
4503599627374593,20
4503599627378689,20
4503599627386881,20
4503599627403265,5
4503599627436033,20
4503599627501569,20
4503599627632641,20
4503599627894785,16
4503599628419073,1
4503599629467649,1
4503599631564801,20
4503599635759105,20
4503599644147713,20
4503599660924929,20
4503599694479361,20
4503599761588225,20
4503599895805953,20
4503600164241409,20
4503600701112321,20
4503601774854145,20
4503603922337793,20
4503608217305089,20
4503616807239681,17
4503633987108865,20
4503668346847233,20
4503737066323969,20
4503874505277441,20
4504149383184385,20
4504699138998273,1
4505798650626049,20
4507997673881601,40
4512395720392705,20
4521191813414913,20
4538783999459329,20
4573968371548161,20
4644337115725825,20
4785074604081153,60
5066549580791809,20
5629499534213121,20
6755399441055745,20
13510798882111489,20
22517998136852481,60
40532396646334465,20
76561193665298433,20
148618787703226369,20
292733975779082241,20
580964351930793985,20
1157425104234217473,1
2310346608841064449,20
4616189618054758401,20
9227875636482146305,60
9007199254740992,0
9007199254740995,20
9007199254740997,1
9007199254741001,20
9007199254741009,20
9007199254741025,20
9007199254741057,20
9007199254741121,20
9007199254741249,20
9007199254741505,20
9007199254742017,20
9007199254743041,20
9007199254745089,20
9007199254749185,20
9007199254757377,20
9007199254773761,5
9007199254806529,20
9007199254872065,20
9007199255003137,20
9007199255265281,16
9007199255789569,1
9007199256838145,1
9007199258935297,20
9007199263129601,20
9007199271518209,20
9007199288295425,20
9007199321849857,20
9007199388958721,20
9007199523176449,20
9007199791611905,20
9007200328482817,20
9007201402224641,20
9007203549708289,20
9007207844675585,20
9007216434610177,17
9007233614479361,20
9007267974217729,20
9007336693694465,20
9007474132647937,20
9007749010554881,20
9008298766368769,1
9009398277996545,20
9011597301252097,40
9015995347763201,20
9024791440785409,20
9042383626829825,20
9077567998918657,20
9147936743096321,20
9288674231451649,20
9570149208162305,57
10133099161583617,20
11258999068426241,20
13510798882111489,20
27021597764222977,60
45035996273704961,20
81064793292668929,20
153122387330596865,20
297237575406452737,20
585467951558164481,20
1161928703861587969,1
2314850208468434945,20
4620693217682128897,20
9232379236109516801,60
18014398509481984,6
18014398509482049,22
18014398509482050,22
18014398509482052,22
18014398509482056,22
18014398509482064,22
18014398509482080,22
18014398509482176,22
18014398509482304,22
18014398509482560,22
18014398509483072,22
18014398509484096,22
18014398509486144,38
18014398509490240,22
18014398509498432,22
18014398509514816,22
18014398509547584,22
18014398509613120,22
18014398509744192,22
18014398510006336,22
18014398510530624,22
18014398511579200,22
18014398513676352,50
18014398517870656,22
18014398526259264,22
18014398543036480,22
18014398576590912,22
18014398643699776,22
18014398777917504,22
18014399046352960,22
18014399583223872,22
18014400656965696,22
18014402804449344,22
18014407099416640,22
18014415689351232,22
18014432869220416,22
18014467228958784,22
18014535948435520,38
18014673387388992,50
18014948265295936,22
18015498021109824,22
18016597532737600,22
18018796555993152,22
18023194602504256,22
18031990695526464,22
18049582881570880,22
18084767253659712,22
18155135997837376,22
18295873486192704,22
18577348462903360,22
19140298416324672,22
20266198323167296,22
22517998136852544,22
27021597764223040,22
54043195528446016,22
90071992547409984,22
162129586585337920,22
306244774661193792,22
594475150812905536,22
1170935903116329024,22
2323857407723176000,22
4629700416936869952,22
9241386435364257856,22
36028797018963968,0
36028797018963971,20
36028797018963973,1
36028797018963977,20
36028797018963985,20
36028797018964001,20
36028797018964033,20
36028797018964097,20
36028797018964225,20
36028797018964481,20
36028797018964993,20
36028797018966017,20
36028797018968065,20
36028797018972161,20
36028797018980353,20
36028797018996737,5
36028797019029505,20
36028797019095041,20
36028797019226113,20
36028797019488257,16
36028797020012545,1
36028797021061121,1
36028797023158273,20
36028797027352577,20
36028797035741185,20
36028797052518401,20
36028797086072833,20
36028797153181697,20
36028797287399425,20
36028797555834881,20
36028798092705793,20
36028799166447617,20
36028801313931265,20
36028805608898561,20
36028814198833153,17
36028831378702337,20
36028865738440705,20
36028934457917441,20
36029071896870913,20
36029346774777857,20
36029896530591745,1
36030996042219521,20
36033195065475073,40
36037593111986177,20
36046389205008385,20
36063981391052801,20
36099165763141633,20
36169534507319297,20
36310271995674625,20
36591746972385281,20
37154696925806593,20
38280596832649217,20
40532396646334465,20
45035996273704961,20
54043195528445953,60
108086391056891905,20
180143985094819841,20
324259173170675713,20
612489549322387457,20
1188950301625810945,1
2341871806232657921,20
4647714815446351873,20
9259400833873739777,60
72057594037927936,0
72057594037927939,20
72057594037927941,1
72057594037927945,20
72057594037927953,20
72057594037927969,20
72057594037928001,20
72057594037928065,20
72057594037928193,20
72057594037928449,20
72057594037928961,20
72057594037929985,20
72057594037932033,20
72057594037936129,20
72057594037944321,20
72057594037960705,5
72057594037993473,20
72057594038059009,20
72057594038190081,20
72057594038452225,16
72057594038976513,1
72057594040025089,1
72057594042122241,20
72057594046316545,20
72057594054705153,20
72057594071482369,20
72057594105036801,20
72057594172145665,20
72057594306363393,20
72057594574798849,20
72057595111669761,20
72057596185411585,20
72057598332895233,20
72057602627862529,20
72057611217797121,17
72057628397666305,20
72057662757404673,20
72057731476881409,20
72057868915834881,20
72058143793741825,20
72058693549555713,1
72059793061183489,20
72061992084439041,40
72066390130950145,20
72075186223972353,20
72092778410016769,20
72127962782105601,20
72198331526283265,20
72339069014638593,20
72620543991349249,20
73183493944770561,20
74309393851613185,20
76561193665298433,20
81064793292668929,20
90071992547409921,60
108086391056891905,20
216172782113783809,20
360287970189639681,20
648518346341351425,20
1224979098644774913,1
2377900603251621889,20
4683743612465315841,20
9295429630892703745,60
144115188075855872,0
144115188075855875,20
144115188075855877,1
144115188075855881,20
144115188075855889,20
144115188075855905,20
144115188075855937,20
144115188075856001,20
144115188075856129,20
144115188075856385,20
144115188075856897,20
144115188075857921,20
144115188075859969,20
144115188075864065,20
144115188075872257,20
144115188075888641,5
144115188075921409,20
144115188075986945,20
144115188076118017,20
144115188076380161,16
144115188076904449,1
144115188077953025,1
144115188080050177,20
144115188084244481,20
144115188092633089,20
144115188109410305,20
144115188142964737,20
144115188210073601,20
144115188344291329,20
144115188612726785,20
144115189149597697,20
144115190223339521,20
144115192370823169,20
144115196665790465,20
144115205255725057,17
144115222435594241,20
144115256795332609,20
144115325514809345,20
144115462953762817,20
144115737831669761,20
144116287587483649,1
144117387099111425,20
144119586122366977,40
144123984168878081,20
144132780261900289,20
144150372447944705,20
144185556820033537,20
144255925564211201,20
144396663052566529,20
144678138029277185,20
145241087982698497,20
146366987889541121,20
148618787703226369,20
153122387330596865,20
162129586585337857,20
180143985094819841,20
216172782113783809,20
432345564227567617,20
720575940379279361,20
1297036692682702849,1
2449958197289549825,20
4755801206503243777,20
9367487224930631681,60
288230376151711744,0
288230376151711747,20
288230376151711749,1
288230376151711753,20
288230376151711761,20
288230376151711777,20
288230376151711809,20
288230376151711873,20
288230376151712001,20
288230376151712257,20
288230376151712769,20
288230376151713793,20
288230376151715841,20
288230376151719937,20
288230376151728129,20
288230376151744513,5
288230376151777281,20
288230376151842817,20
288230376151973889,20
288230376152236033,16
288230376152760321,1
288230376153808897,1
288230376155906049,20
288230376160100353,20
288230376168488961,20
288230376185266177,20
288230376218820609,20
288230376285929473,20
288230376420147201,20
288230376688582657,20
288230377225453569,20
288230378299195393,20
288230380446679041,20
288230384741646337,20
288230393331580929,17
288230410511450113,20
288230444871188481,20
288230513590665217,20
288230651029618689,20
288230925907525633,20
288231475663339521,1
288232575174967297,20
288234774198222849,40
288239172244733953,20
288247968337756161,20
288265560523800577,20
288300744895889409,20
288371113640067073,20
288511851128422401,20
288793326105133057,20
289356276058554369,20
290482175965396993,20
292733975779082241,20
297237575406452737,20
306244774661193729,60
324259173170675713,20
360287970189639681,20
432345564227567617,20
864691128455135233,20
1441151880758558721,1
2594073385365405697,20
4899916394579099649,20
9511602413006487553,60
576460752303423488,56
648518346341351425,57
648518346341351426,57
648518346341351428,57
648518346341351432,57
648518346341351440,57
648518346341351456,57
648518346341351488,57
648518346341351552,57
648518346341351680,57
648518346341351936,57
648518346341352448,57
648518346341353472,27
648518346341355520,57
648518346341359616,57
648518346341367808,57
648518346341384192,57
648518346341416960,57
648518346341482496,57
648518346341613568,57
648518346341875712,57
648518346342400000,57
648518346343448576,57
648518346345545728,57
648518346349740032,57
648518346358128640,57
648518346374905856,57
648518346408460288,57
648518346475569152,57
648518346609786880,57
648518346878222336,57
648518347415093248,57
648518348488835072,57
648518350636318720,57
648518354931286016,57
648518363521220608,57
648518380701089792,57
648518415060828160,57
648518483780304896,57
648518621219258368,57
648518896097165312,57
648519445852979200,57
648520545364606976,57
648522744387862528,57
648527142434373632,57
648535938527395840,57
648553530713440256,57
648588715085529088,57
648659083829706752,57
648799821318062080,57
649081296294772736,57
649644246248194048,57
650770146155036672,57
653021945968721920,57
657525545596092416,57
666532744850833408,57
684547143360315392,57
792633534417207296,0
936748722493063168,0
1801439850948198400,57
2954361355555045376,57
5260204364768739328,57
9871890383196127232,51
1152921504606846976,0
1152921504606846979,2
1152921504606846981,1
1152921504606846985,1
1152921504606846993,1
1152921504606847009,1
1152921504606847041,1
1152921504606847105,1
1152921504606847233,1
1152921504606847489,25
1152921504606848001,1
1152921504606849025,1
1152921504606851073,25
1152921504606855169,1
1152921504606863361,1
1152921504606879745,5
1152921504606912513,1
1152921504606978049,1
1152921504607109121,1
1152921504607371265,16
1152921504607895553,1
1152921504608944129,1
1152921504611041281,1
1152921504615235585,1
1152921504623624193,16
1152921504640401409,1
1152921504673955841,1
1152921504741064705,1
1152921504875282433,1
1152921505143717889,1
1152921505680588801,1
1152921506754330625,1
1152921508901814273,1
1152921513196781569,1
1152921521786716161,17
1152921538966585345,39
1152921573326323713,1
1152921642045800449,36
1152921779484753921,1
1152922054362660865,1
1152922604118474753,1
1152923703630102529,1
1152925902653358081,40
1152930300699869185,1
1152939096792891393,1
1152956688978935809,1
1152991873351024641,1
1153062242095202305,1
1153202979583557633,1
1153484454560268289,1
1154047404513689601,1
1155173304420532225,1
1157425104234217473,1
1161928703861587969,1
1170935903116328961,50
1188950301625810945,1
1224979098644774913,1
1297036692682702849,1
1441151880758558721,1
1729382256910270465,1
3458764513820540929,1
5764607523034234881,1
10376293541461622785,1
2305843009213693952,0
2305843009213693955,20
2305843009213693957,1
2305843009213693961,20
2305843009213693969,20
2305843009213693985,20
2305843009213694017,20
2305843009213694081,20
2305843009213694209,20
2305843009213694465,20
2305843009213694977,20
2305843009213696001,20
2305843009213698049,20
2305843009213702145,20
2305843009213710337,20
2305843009213726721,5
2305843009213759489,20
2305843009213825025,20
2305843009213956097,20
2305843009214218241,16
2305843009214742529,1
2305843009215791105,20
2305843009217888257,20
2305843009222082561,20
2305843009230471169,20
2305843009247248385,20
2305843009280802817,20
2305843009347911681,20
2305843009482129409,20
2305843009750564865,20
2305843010287435777,20
2305843011361177601,20
2305843013508661249,20
2305843017803628545,20
2305843026393563137,17
2305843043573432321,20
2305843077933170689,20
2305843146652647425,20
2305843284091600897,20
2305843558969507841,20
2305844108725321729,1
2305845208236949505,20
2305847407260205057,40
2305851805306716161,20
2305860601399738369,20
2305878193585782785,20
2305913377957871617,20
2305983746702049281,20
2306124484190404609,20
2306405959167115265,20
2306968909120536577,20
2308094809027379201,20
2310346608841064449,20
2314850208468434945,20
2323857407723175937,60
2341871806232657921,20
2377900603251621889,20
2449958197289549825,20
2594073385365405697,20
2882303761517117441,20
3458764513820540929,1
6917529027641081857,20
11529215046068469761,20
4611686018427387904,0
4611686018427387907,20
4611686018427387909,1
4611686018427387913,20
4611686018427387921,20
4611686018427387937,20
4611686018427387969,20
4611686018427388033,20
4611686018427388161,20
4611686018427388417,20
4611686018427388929,20
4611686018427389953,20
4611686018427392001,20
4611686018427396097,20
4611686018427404289,20
4611686018427420673,5
4611686018427453441,20
4611686018427518977,20
4611686018427650049,20
4611686018427912193,16
4611686018428436481,1
4611686018429485057,1
4611686018431582209,20
4611686018435776513,20
4611686018444165121,20
4611686018460942337,20
4611686018494496769,20
4611686018561605633,20
4611686018695823361,20
4611686018964258817,20
4611686019501129729,20
4611686020574871553,20
4611686022722355201,20
4611686027017322497,20
4611686035607257089,17
4611686052787126273,20
4611686087146864641,20
4611686155866341377,20
4611686293305294849,20
4611686568183201793,20
4611687117939015681,1
4611688217450643457,20
4611690416473899009,40
4611694814520410113,20
4611703610613432321,20
4611721202799476737,20
4611756387171565569,20
4611826755915743233,20
4611967493404098561,20
4612248968380809217,20
4612811918334230529,20
4613937818241073153,20
4616189618054758401,20
4620693217682128897,20
4629700416936869889,60
4647714815446351873,20
4683743612465315841,20
4755801206503243777,20
4899916394579099649,20
5188146770730811393,20
5764607523034234881,1
6917529027641081857,20
13835058055282163713,20
9223372036854775808,60
10376293541461622785,20
10376293541461622786,61
10376293541461622788,61
10376293541461622792,61
10376293541461622800,61
10376293541461622816,61
10376293541461622848,61
10376293541461622912,61
10376293541461623040,61
10376293541461623296,61
10376293541461623808,61
10376293541461624832,61
10376293541461626880,61
10376293541461630976,61
10376293541461639168,61
10376293541461655552,31
10376293541461688320,61
10376293541461753856,61
10376293541461884928,61
10376293541462147072,61
10376293541462671360,61
10376293541463719936,61
10376293541465817088,61
10376293541470011392,3
10376293541478400000,61
10376293541495177216,61
10376293541528731648,61
10376293541595840512,61
10376293541730058240,61
10376293541998493696,61
10376293542535364608,61
10376293543609106432,61
10376293545756590080,61
10376293550051557376,61
10376293558641491968,61
10376293575821361152,61
10376293610181099520,61
10376293678900576256,61
10376293816339529728,61
10376294091217436672,61
10376294640973250560,61
10376295740484878336,61
10376297939508133888,61
10376302337554644992,61
10376311133647667200,61
10376328725833711616,61
10376363910205800448,61
10376434278949978112,61
10376575016438333440,61
10376856491415044096,61
10377419441368465408,61
10378545341275308032,61
10380797141088993280,61
10385300740716363776,61
10394307939971104768,62
10412322338480586752,61
10448351135499550720,61
10520408729537478656,61
10664523917613334528,61
10952754293765046272,51
12682136550675316736,0
14987979559889010688,0
