1111000000000000000000000000000000000000000000000000000000000000
0000111100000000000000000000000000000000000000000000000000000000
0000000011110000000000000000000000000000000000000000000000000000
0000000000001111000000000000000000000000000000000000000000000000
0000000000000000111100000000000000000000000000000000000000000000
0000000000000000000011110000000000000000000000000000000000000000
0000000000000000000000001111000000000000000000000000000000000000
0000000000000000000000000000111100000000000000000000000000000000
0000000000000000000000000000000011110000000000000000000000000000
0000000000000000000000000000000000001111000000000000000000000000
0000000000000000000000000000000000000000111100000000000000000000
0000000000000000000000000000000000000000000011110000000000000000
0000000000000000000000000000000000000000000000001111000000000000
0000000000000000000000000000000000000000000000000000111100000000
0000000000000000000000000000000000000000000000000000000011110000
0000000000000000000000000000000000000000000000000000000000001111
1000100010001000000000000000000000000000000000000000000000000000
0100010001000100000000000000000000000000000000000000000000000000
0010001000100010000000000000000000000000000000000000000000000000
0001000100010001000000000000000000000000000000000000000000000000
0000000000000000100010001000100000000000000000000000000000000000
0000000000000000010001000100010000000000000000000000000000000000
0000000000000000001000100010001000000000000000000000000000000000
0000000000000000000100010001000100000000000000000000000000000000
0000000000000000000000000000000010001000100010000000000000000000
0000000000000000000000000000000001000100010001000000000000000000
0000000000000000000000000000000000100010001000100000000000000000
0000000000000000000000000000000000010001000100010000000000000000
0000000000000000000000000000000000000000000000001000100010001000
0000000000000000000000000000000000000000000000000100010001000100
0000000000000000000000000000000000000000000000000010001000100010
0000000000000000000000000000000000000000000000000001000100010001
1000010000100001000000000000000000000000000000000000000000000000
0000000000000000100001000010000100000000000000000000000000000000
0000000000000000000000000000000010000100001000010000000000000000
0000000000000000000000000000000000000000000000001000010000100001
0001001001001000000000000000000000000000000000000000000000000000
0000000000000000000100100100100000000000000000000000000000000000
0000000000000000000000000000000000010010010010000000000000000000
0000000000000000000000000000000000000000000000000001001001001000
1000000000000000100000000000000010000000000000001000000000000000
0100000000000000010000000000000001000000000000000100000000000000
0010000000000000001000000000000000100000000000000010000000000000
0001000000000000000100000000000000010000000000000001000000000000
0000100000000000000010000000000000001000000000000000100000000000
0000010000000000000001000000000000000100000000000000010000000000
0000001000000000000000100000000000000010000000000000001000000000
0000000100000000000000010000000000000001000000000000000100000000
0000000010000000000000001000000000000000100000000000000010000000
0000000001000000000000000100000000000000010000000000000001000000
0000000000100000000000000010000000000000001000000000000000100000
0000000000010000000000000001000000000000000100000000000000010000
0000000000001000000000000000100000000000000010000000000000001000
0000000000000100000000000000010000000000000001000000000000000100
0000000000000010000000000000001000000000000000100000000000000010
0000000000000001000000000000000100000000000000010000000000000001
1000000000000000010000000000000000100000000000000001000000000000
0000100000000000000001000000000000000010000000000000000100000000
0000000010000000000000000100000000000000001000000000000000010000
0000000000001000000000000000010000000000000000100000000000000001
0001000000000000001000000000000001000000000000001000000000000000
0000000100000000000000100000000000000100000000000000100000000000
0000000000010000000000000010000000000000010000000000000010000000
0000000000000001000000000000001000000000000001000000000000001000
1000000000000000000010000000000000000000100000000000000000001000
0100000000000000000001000000000000000000010000000000000000000100
0010000000000000000000100000000000000000001000000000000000000010
0001000000000000000000010000000000000000000100000000000000000001
0000000000001000000000001000000000001000000000001000000000000000
0000000000000100000000000100000000000100000000000100000000000000
0000000000000010000000000010000000000010000000000010000000000000
0000000000000001000000000001000000000001000000000001000000000000
1000000000000000000001000000000000000000001000000000000000000001
0000000000000001000000000010000000000100000000001000000000000000
0000000000001000000000000100000000000010000000000001000000000000
0000000000000001000000000010000000000100000000001000000000000000